50 19987852
100 49538227
150 76779467
200 99073512
250 122852470
300 150964228
350 179200871
400 202473232
450 225971549
500 254258600
550 282695124
600 305577197
650 330302732
700 358728567
750 385782323
800 409662722
850 434613817
900 461890885
950 489023039
1000 513687656
1050 539790535
1100 565873343
1150 593568079
1200 617855035
1250 642301601
1300 670714468
1350 697682573
1400 721271469
1450 746123469
1500 776196677
1550 801301358
1600 825364782
1650 851715404
1700 880322786
1750 905411713
1800 929176460
1850 956465603
1900 983397558
1950 1009772125
2000 1034685530
